import env vrep
[[-1, -1, 0, 0, 0], [-1, 0, 0, 0, 0], [-1, 1, 0, 0, 0], [0, -1, 0, 0, 0], [0, 1, 0, 0, 0], [1, -1, 0, 0, 0], [1, 0, 0, 0, 0], [1, 1, 0, 0, 0]]
100 10
(?, 106)
ob_grib (?, 100)
ob_state (?, 5)
discrate action
100 10
(?, 106)
ob_grib (?, 100)
ob_state (?, 5)
100 10
(?, 106)
ob_grib (?, 100)
ob_state (?, 5)
discrate action
100 10
(?, 106)
ob_grib (?, 100)
ob_state (?, 5)
Loading Model...
loaded
Connected to remote API server with port:  20000
0   --------------- update! batch size: 5 ----------------- 128
aloss: 13.0474|, vloss: 906.1539| entropy:  0.0644
aloss: 12.9355|, vloss: 927.0223| entropy:  0.0892
aloss: 12.5069|, vloss: 899.2039| entropy:  0.1862
aloss: 11.7730|, vloss: 911.5501| entropy:  0.4087
aloss: 11.5099|, vloss: 914.1326| entropy:  0.6078
[0.0, 0.39117555285651662, 36.005341, 36.002972, -35.614161208618093, 1.0, 6.0, 0, 9.279993e-08, 4.7547964e-08, 8.2939756e-08, 1.5887023e-14, 1.0594269e-10, 1.2305212e-10, 0.99999964, 8.7093369e-08, 0, 8.7708514e-08, 4.4985146e-08, 7.8357317e-08, 1.4556134e-14, 1.016723e-10, 1.1285696e-10, 0.99999964, 8.3881098e-08]
[0.0, -2.6925637698375837, 36.005405, 36.003033, -38.697969195862974, 1.0, 6.0, 0, 9.0917922e-08, 4.7285688e-08, 8.2184826e-08, 1.6234144e-14, 1.121467e-10, 1.2808045e-10, 0.99999964, 8.540232e-08, 0, 8.5946638e-08, 4.4751172e-08, 7.7664829e-08, 1.4882094e-14, 1.0768516e-10, 1.1754936e-10, 0.99999964, 8.2269672e-08]
[0.0, -6.1479422633835128, 36.003353, 35.941681, -42.151291567582732, 0.55719072, 3.0, 0, 0.010670562, 0.0087760556, 0.010200164, 0.87904716, 0.03056878, 0.059969336, 0.00059214962, 0.00017579021, 0, 0.096006349, 0.061908927, 0.085283466, 0.48979694, 0.033120852, 0.18468523, 0.045607597, 0.0035907137]
[0.0, -10.019948643421529, 36.003357, 35.941681, -46.023297947620748, 0.55719137, 3.0, 0, 0.010670532, 0.0087760352, 0.01020014, 0.87904716, 0.030568833, 0.05996931, 0.00059214624, 0.00017579005, 0, 0.096006155, 0.061908826, 0.085283309, 0.4897975, 0.033120938, 0.18468517, 0.045607418, 0.0035907144]
[0.0, -14.359146680627127, 36.007133, 36.00412, -50.366283979211111, 0.60208666, 7.0, 0, 0.0007610161, 0.00044376936, 0.00071118574, 0.0013122947, 0.0001266465, 0.0012740052, 0.00037320121, 0.99499786, 0, 0.0034959363, 0.0016309957, 0.0026820216, 0.36678755, 0.0012599865, 0.025061185, 7.3531028e-06, 0.59907496]
[0.0, -19.221217260383447, 36.003448, 35.943443, -55.224665746711572, 0.89972198, 3.0, 0, 0.0011750513, 0.001145584, 0.0012553883, 0.96018618, 0.017767897, 0.018420873, 8.7985127e-06, 4.0336901e-05, 0, 0.011546516, 0.0091945427, 0.011736347, 0.8639006, 0.029491799, 0.072824977, 0.00056780927, 0.00073734304]
[0.0, -24.669847273413914, 36.007149, 36.004154, -60.67699220139243, 0.29976615, 7.0, 0, 0.00058332901, 0.00035320511, 0.00056372787, 0.0031577952, 0.00019579456, 0.0016487485, 6.7539724e-05, 0.99342984, 0, 0.0019643656, 0.00096852757, 0.0014828898, 0.67314601, 0.0015678256, 0.023072813, 8.7818057e-07, 0.2977967]
[-1.0, -25.630521089671891, -23.15941, -23.434931, -2.4711106129873222, 0.94677997, 6.0, 0, 6.4083997e-06, 3.3951501e-06, 5.1393736e-06, 1.5140394e-10, 9.6820891e-08, 1.4806724e-07, 0.99984837, 0.00013644375, 0, 0.00037537509, 0.00018409446, 0.00028834879, 6.8152247e-07, 3.4055091e-05, 6.818476e-05, 0.94663638, 0.052412871]
[-1.0, -25.586453201121888, -23.15941, -23.434931, -2.4270427244373169, 0.94677997, 6.0, 0, 6.4083997e-06, 3.3951501e-06, 5.1393736e-06, 1.5140394e-10, 9.6820891e-08, 1.4806724e-07, 0.99984837, 0.00013644375, 0, 0.00037537509, 0.00018409446, 0.00028834879, 6.8152247e-07, 3.4055091e-05, 6.818476e-05, 0.94663638, 0.052412871]
[-1.0, -25.537071882710855, -23.15941, -23.434931, -2.3776614060262844, 0.94677997, 6.0, 0, 6.4083997e-06, 3.3951501e-06, 5.1393736e-06, 1.5140394e-10, 9.6820891e-08, 1.4806724e-07, 0.99984837, 0.00013644375, 0, 0.00037537509, 0.00018409446, 0.00028834879, 6.8152247e-07, 3.4055091e-05, 6.818476e-05, 0.94663638, 0.052412871]
[-1.0, -25.481736474361423, -23.15941, -23.434931, -2.3223259976768533, 0.94677997, 6.0, 0, 6.4083997e-06, 3.3951501e-06, 5.1393736e-06, 1.5140394e-10, 9.6820891e-08, 1.4806724e-07, 0.99984837, 0.00013644375, 0, 0.00037537509, 0.00018409446, 0.00028834879, 6.8152247e-07, 3.4055091e-05, 6.818476e-05, 0.94663638, 0.052412871]
[-1.0, -25.419729069218626, -23.15941, -23.434931, -2.2603185925340572, 0.94677997, 6.0, 0, 6.4083997e-06, 3.3951501e-06, 5.1393736e-06, 1.5140394e-10, 9.6820891e-08, 1.4806724e-07, 0.99984837, 0.00013644375, 0, 0.00037537509, 0.00018409446, 0.00028834879, 6.8152247e-07, 3.4055091e-05, 6.818476e-05, 0.94663638, 0.052412871]
[-1.0, -25.350245199717513, -23.15941, -23.434931, -2.1908347230329408, 0.94677997, 6.0, 0, 6.4083997e-06, 3.3951501e-06, 5.1393736e-06, 1.5140394e-10, 9.6820891e-08, 1.4806724e-07, 0.99984837, 0.00013644375, 0, 0.00037537509, 0.00018409446, 0.00028834879, 6.8152247e-07, 3.4055091e-05, 6.818476e-05, 0.94663638, 0.052412871]
[-1.0, -25.272383400635132, -23.15941, -23.434931, -2.1129729239505606, 0.94677997, 6.0, 0, 6.4083997e-06, 3.3951501e-06, 5.1393736e-06, 1.5140394e-10, 9.6820891e-08, 1.4806724e-07, 0.99984837, 0.00013644375, 0, 0.00037537509, 0.00018409446, 0.00028834879, 6.8152247e-07, 3.4055091e-05, 6.818476e-05, 0.94663638, 0.052412871]
[-1.0, -25.185133513720764, -23.15941, -23.434931, -2.0257230370361947, 0.94677997, 6.0, 0, 6.4083997e-06, 3.3951501e-06, 5.1393736e-06, 1.5140394e-10, 9.6820891e-08, 1.4806724e-07, 0.99984837, 0.00013644375, 0, 0.00037537509, 0.00018409446, 0.00028834879, 6.8152247e-07, 3.4055091e-05, 6.818476e-05, 0.94663638, 0.052412871]
[-1.0, -25.087363582171722, -23.15941, -23.434931, -1.9279531054871517, 0.94677997, 6.0, 0, 6.4083997e-06, 3.3951501e-06, 5.1393736e-06, 1.5140394e-10, 9.6820891e-08, 1.4806724e-07, 0.99984837, 0.00013644375, 0, 0.00037537509, 0.00018409446, 0.00028834879, 6.8152247e-07, 3.4055091e-05, 6.818476e-05, 0.94663638, 0.052412871]
[-1.0, -24.977805164927165, -23.15941, -23.434931, -1.8183946882425943, 0.94677997, 6.0, 0, 6.4083997e-06, 3.3951501e-06, 5.1393736e-06, 1.5140394e-10, 9.6820891e-08, 1.4806724e-07, 0.99984837, 0.00013644375, 0, 0.00037537509, 0.00018409446, 0.00028834879, 6.8152247e-07, 3.4055091e-05, 6.818476e-05, 0.94663638, 0.052412871]
[-1.0, -24.855036880251507, -23.15941, -23.434931, -1.6956264035669362, 0.94677997, 6.0, 0, 6.4083997e-06, 3.3951501e-06, 5.1393736e-06, 1.5140394e-10, 9.6820891e-08, 1.4806724e-07, 0.99984837, 0.00013644375, 0, 0.00037537509, 0.00018409446, 0.00028834879, 6.8152247e-07, 3.4055091e-05, 6.818476e-05, 0.94663638, 0.052412871]
[-1.0, -24.717465965106214, -23.15941, -23.434931, -1.5580554884216447, 0.94677997, 6.0, 0, 6.4083997e-06, 3.3951501e-06, 5.1393736e-06, 1.5140394e-10, 9.6820891e-08, 1.4806724e-07, 0.99984837, 0.00013644375, 0, 0.00037537509, 0.00018409446, 0.00028834879, 6.8152247e-07, 3.4055091e-05, 6.818476e-05, 0.94663638, 0.052412871]
[-1.0, -24.563307611066222, -23.15941, -23.434931, -1.4038971343816495, 0.94677997, 6.0, 0, 6.4083997e-06, 3.3951501e-06, 5.1393736e-06, 1.5140394e-10, 9.6820891e-08, 1.4806724e-07, 0.99984837, 0.00013644375, 0, 0.00037537509, 0.00018409446, 0.00028834879, 6.8152247e-07, 3.4055091e-05, 6.818476e-05, 0.94663638, 0.052412871]
[-1.0, -24.39056180869061, -23.15941, -23.434931, -1.2311513320060388, 0.94677997, 6.0, 0, 6.4083997e-06, 3.3951501e-06, 5.1393736e-06, 1.5140394e-10, 9.6820891e-08, 1.4806724e-07, 0.99984837, 0.00013644375, 0, 0.00037537509, 0.00018409446, 0.00028834879, 6.8152247e-07, 3.4055091e-05, 6.818476e-05, 0.94663638, 0.052412871]
[-1.0, -24.196987399932642, -23.15941, -23.434931, -1.0375769232480705, 0.94677997, 6.0, 0, 6.4083997e-06, 3.3951501e-06, 5.1393736e-06, 1.5140394e-10, 9.6820891e-08, 1.4806724e-07, 0.99984837, 0.00013644375, 0, 0.00037537509, 0.00018409446, 0.00028834879, 6.8152247e-07, 3.4055091e-05, 6.818476e-05, 0.94663638, 0.052412871]
[-1.0, -23.980073001951951, -23.15941, -23.434931, -0.82066252526737982, 0.94677997, 6.0, 0, 6.4083997e-06, 3.3951501e-06, 5.1393736e-06, 1.5140394e-10, 9.6820891e-08, 1.4806724e-07, 0.99984837, 0.00013644375, 0, 0.00037537509, 0.00018409446, 0.00028834879, 6.8152247e-07, 3.4055091e-05, 6.818476e-05, 0.94663638, 0.052412871]
[-1.0, -23.737004425102228, -23.15941, -23.434931, -0.57759394841765932, 0.94677997, 6.0, 0, 6.4083997e-06, 3.3951501e-06, 5.1393736e-06, 1.5140394e-10, 9.6820891e-08, 1.4806724e-07, 0.99984837, 0.00013644375, 0, 0.00037537509, 0.00018409446, 0.00028834879, 6.8152247e-07, 3.4055091e-05, 6.818476e-05, 0.94663638, 0.052412871]
[-1.0, -23.464628162384031, -23.15941, -23.434931, -0.30521768569946062, 0.94677997, 6.0, 0, 6.4083997e-06, 3.3951501e-06, 5.1393736e-06, 1.5140394e-10, 9.6820891e-08, 1.4806724e-07, 0.99984837, 0.00013644375, 0, 0.00037537509, 0.00018409446, 0.00028834879, 6.8152247e-07, 3.4055091e-05, 6.818476e-05, 0.94663638, 0.052412871]
-------------------------------------------------------------------------------
aloss: 11.5099|, vloss: 914.1326| entropy:  0.6078
1   --------------- update! batch size: 11 ----------------- 128
aloss: 11.3312|, vloss: 1609.8132| entropy:  0.3794
aloss: 11.3204|, vloss: 1503.1494| entropy:  0.3301
aloss: 11.5212|, vloss: 1511.8547| entropy:  0.2107
aloss: 11.7287|, vloss: 1461.7842| entropy:  0.1699
aloss: 11.6721|, vloss: 1411.4259| entropy:  0.1668
[0.0, 5.3360164169465776, 36.002987, 35.932117, -30.666978120406938, 1.0, 6.0, 0, 8.7693621e-08, 4.4982144e-08, 7.8349991e-08, 1.4557107e-14, 1.0170507e-10, 1.1287934e-10, 0.99999964, 8.3865103e-08, 0, 8.5186926e-08, 4.3703178e-08, 7.7493034e-08, 1.4273449e-14, 1.0175184e-10, 1.1035897e-10, 0.99999964, 8.2932317e-08]
[0.0, 2.8487000185576363, 36.003052, 35.932205, -33.154347924557598, 1.0, 6.0, 0, 8.5932378e-08, 4.4749211e-08, 7.7658605e-08, 1.4883826e-14, 1.0772871e-10, 1.1758031e-10, 0.99999964, 8.2253983e-08, 0, 8.3468379e-08, 4.3475872e-08, 7.6801449e-08, 1.4596976e-14, 1.0779408e-10, 1.1498456e-10, 0.99999964, 8.133199e-08]
[0.0, 0.066751833465474419, 35.94241, 26.189356, -35.875653867218119, 0.30079907, 5.0, 0, 0.096936435, 0.062558629, 0.086164735, 0.48558211, 0.033176195, 0.18509214, 0.046855547, 0.0036342414, 0, 0.012740999, 0.0086167008, 0.010541045, 0.89868444, 0.013062227, 0.055675548, 0.00031889699, 0.0003602088]
[0.0, -3.0507784875847861, 35.944153, 26.282452, -38.994935134313302, 1.1299146, 3.0, 0, 0.011710394, 0.0093336115, 0.011913356, 0.86254776, 0.029747631, 0.073413596, 0.00058447057, 0.00074926758, 0, 0.0011386587, 0.00094573293, 0.0010590504, 0.97460526, 0.0071877171, 0.01499652, 3.1933801e-06, 6.3761894e-05]
[0.0, -6.5494189219619159, 36.004162, 35.932346, -42.553580756678713, 1.1672633, 3.0, 0, 0.001967201, 0.00097101316, 0.0014864699, 0.67129844, 0.0015735148, 0.023093309, 8.8563479e-07, 0.29960912, 0, 0.0015890964, 0.00076414848, 0.001145649, 0.78358209, 0.0013137355, 0.02047996, 3.939906e-07, 0.19112498]
[0.0, -10.469903496566495, 36.004162, 35.932346, -46.474065331283292, 1.1672633, 3.0, 0, 0.001967201, 0.00097101269, 0.0014864699, 0.67129844, 0.0015735155, 0.023093309, 8.8563644e-07, 0.29960912, 0, 0.0015890956, 0.00076414814, 0.0011456478, 0.78358209, 0.0013137355, 0.020479951, 3.9399018e-07, 0.19112498]
[0.0, -14.862991708338832, 36.00296, 35.931976, -50.865959542811488, 1.0000056, 3.0, 0, 7.4307434e-07, 8.2029214e-07, 5.7806869e-07, 0.99971765, 0.00015174887, 0.00012789546, 3.224658e-13, 5.4377853e-07, 0, 7.4607505e-07, 8.2416102e-07, 5.7039313e-07, 0.99972326, 0.00014758389, 0.00012653314, 3.0383297e-13, 5.3523007e-07]
[0.0, -19.785770968505055, 36.00296, 35.931976, -55.788738802977711, 1.0000056, 3.0, 0, 7.4307434e-07, 8.2029214e-07, 5.7806869e-07, 0.99971765, 0.00015174887, 0.00012789546, 3.2246517e-13, 5.4377801e-07, 0, 7.4607573e-07, 8.2416182e-07, 5.7039369e-07, 0.99972326, 0.00014758404, 0.00012653314, 3.0383354e-13, 5.3523053e-07]
[0.0, -24.767880650360837, 29.859352, -13.16297, -54.627232762177243, 0.99999118, 6.0, 0, 6.4647577e-07, 3.8756949e-07, 5.8667149e-07, 2.7899545e-12, 5.2246016e-09, 4.6798472e-09, 0.99999607, 2.3177167e-06, 0, 1.4860342e-06, 8.9171704e-07, 1.3325921e-06, 1.8824622e-11, 1.9013518e-08, 1.7249743e-08, 0.99998724, 8.9494206e-06]
[0.0, -30.884936650344116, 36.003056, 35.93227, -66.887988408156616, 0.59194666, 4.0, 0, 9.277551e-05, 0.00011816232, 0.0001278022, 0.96287996, 0.030488608, 0.0062678531, 5.1445988e-07, 2.4287439e-05, 0, 5.7884772e-05, 7.3114898e-05, 7.6927543e-05, 0.97740072, 0.018047631, 0.0043294365, 1.4981177e-07, 1.4182271e-05]
[-1.0, -31.87465638685978, -31.443211, -1.6393769, -0.43144387770450549, 0.9985795, 7.0, 0, 0.0018974718, 0.00095823093, 0.0016163017, 0.00049228786, 0.00029091255, 0.0017187649, 0.0099879149, 0.98303807, 0, 0.0029150709, 0.0014099112, 0.0023149084, 0.0039464915, 0.0006585212, 0.0051138774, 0.0019994907, 0.98164165]
[-1.0, -31.863136593623185, -31.443211, -1.6393769, -0.41992408446791235, 0.9985795, 7.0, 0, 0.0018974718, 0.00095823093, 0.0016163017, 0.00049228786, 0.00029091255, 0.0017187649, 0.0099879149, 0.98303807, 0, 0.0029150709, 0.0014099112, 0.0023149084, 0.0039464915, 0.0006585212, 0.0051138774, 0.0019994907, 0.98164165]
[-1.0, -31.85022781590401, -31.443211, -1.6393769, -0.40701530674873582, 0.9985795, 7.0, 0, 0.0018974718, 0.00095823093, 0.0016163017, 0.00049228786, 0.00029091255, 0.0017187649, 0.0099879149, 0.98303807, 0, 0.0029150709, 0.0014099112, 0.0023149084, 0.0039464915, 0.0006585212, 0.0051138774, 0.0019994907, 0.98164165]
[-1.0, -31.835762578657061, -31.443211, -1.6393769, -0.39255006950178767, 0.9985795, 7.0, 0, 0.0018974718, 0.00095823093, 0.0016163017, 0.00049228786, 0.00029091255, 0.0017187649, 0.0099879149, 0.98303807, 0, 0.0029150709, 0.0014099112, 0.0023149084, 0.0039464915, 0.0006585212, 0.0051138774, 0.0019994907, 0.98164165]
[-1.0, -31.819553213745646, -31.443211, -1.6393769, -0.37634070459037111, 0.9985795, 7.0, 0, 0.0018974718, 0.00095823093, 0.0016163017, 0.00049228786, 0.00029091255, 0.0017187649, 0.0099879149, 0.98303807, 0, 0.0029150709, 0.0014099112, 0.0023149084, 0.0039464915, 0.0006585212, 0.0051138774, 0.0019994907, 0.98164165]
[-1.0, -31.801389425185114, -31.443211, -1.6393769, -0.35817691602984159, 0.9985795, 7.0, 0, 0.0018974718, 0.00095823093, 0.0016163017, 0.00049228786, 0.00029091255, 0.0017187649, 0.0099879149, 0.98303807, 0, 0.0029150709, 0.0014099112, 0.0023149084, 0.0039464915, 0.0006585212, 0.0051138774, 0.0019994907, 0.98164165]
[-1.0, -31.781035560818765, -31.443211, -1.6393769, -0.33782305166349291, 0.9985795, 7.0, 0, 0.0018974718, 0.00095823093, 0.0016163017, 0.00049228786, 0.00029091255, 0.0017187649, 0.0099879149, 0.98303807, 0, 0.0029150709, 0.0014099112, 0.0023149084, 0.0039464915, 0.0006585212, 0.0051138774, 0.0019994907, 0.98164165]
[-1.0, -31.758227555029492, -31.443211, -1.6393769, -0.3150150458742183, 0.9985795, 7.0, 0, 0.0018974718, 0.00095823093, 0.0016163017, 0.00049228786, 0.00029091255, 0.0017187649, 0.0099879149, 0.98303807, 0, 0.0029150709, 0.0014099112, 0.0023149084, 0.0039464915, 0.0006585212, 0.0051138774, 0.0019994907, 0.98164165]
[-1.0, -31.732669502822773, -31.443211, -1.6393769, -0.28945699366750088, 0.9985795, 7.0, 0, 0.0018974718, 0.00095823093, 0.0016163017, 0.00049228786, 0.00029091255, 0.0017187649, 0.0099879149, 0.98303807, 0, 0.0029150709, 0.0014099112, 0.0023149084, 0.0039464915, 0.0006585212, 0.0051138774, 0.0019994907, 0.98164165]
[-1.0, -31.704029820834073, -31.443211, -1.6393769, -0.26081731167879918, 0.9985795, 7.0, 0, 0.0018974718, 0.00095823093, 0.0016163017, 0.00049228786, 0.00029091255, 0.0017187649, 0.0099879149, 0.98303807, 0, 0.0029150709, 0.0014099112, 0.0023149084, 0.0039464915, 0.0006585212, 0.0051138774, 0.0019994907, 0.98164165]
[-1.0, -31.671936945454533, -31.443211, -1.6393769, -0.22872443629925893, 0.20019102, 6.0, 0, 0.0018974718, 0.00095823093, 0.0016163017, 0.00049228786, 0.00029091255, 0.0017187649, 0.0099879149, 0.98303807, 0, 0.0029150709, 0.0014099112, 0.0023149084, 0.0039464915, 0.0006585212, 0.0051138774, 0.0019994907, 0.98164165]
[-1.0, -31.635974512263655, -31.443211, -1.6393769, -0.19276200310838013, 0.9985795, 7.0, 0, 0.0018974718, 0.00095823093, 0.0016163017, 0.00049228786, 0.00029091255, 0.0017187649, 0.0099879149, 0.98303807, 0, 0.0029150709, 0.0014099112, 0.0023149084, 0.0039464915, 0.0006585212, 0.0051138774, 0.0019994907, 0.98164165]
[-1.0, -31.595675954228156, -31.443211, -1.6393769, -0.15246344507288168, 0.9985795, 7.0, 0, 0.0018974718, 0.00095823093, 0.0016163017, 0.00049228786, 0.00029091255, 0.0017187649, 0.0099879149, 0.98303807, 0, 0.0029150709, 0.0014099112, 0.0023149084, 0.0039464915, 0.0006585212, 0.0051138774, 0.0019994907, 0.98164165]
[-1.0, -31.550518448585507, -31.443211, -1.6393769, -0.10730593943023439, 0.9985795, 7.0, 0, 0.0018974718, 0.00095823093, 0.0016163017, 0.00049228786, 0.00029091255, 0.0017187649, 0.0099879149, 0.98303807, 0, 0.0029150709, 0.0014099112, 0.0023149084, 0.0039464915, 0.0006585212, 0.0051138774, 0.0019994907, 0.98164165]
[-1.0, -31.499916133880614, -31.443211, -1.6393769, -0.056703624725340518, 0.9985795, 7.0, 0, 0.0018974718, 0.00095823093, 0.0016163017, 0.00049228786, 0.00029091255, 0.0017187649, 0.0099879149, 0.98303807, 0, 0.0029150709, 0.0014099112, 0.0023149084, 0.0039464915, 0.0006585212, 0.0051138774, 0.0019994907, 0.98164165]
-------------------------------------------------------------------------------
aloss: 11.6721|, vloss: 1411.4259| entropy:  0.1668
